4
2
10
0
0
0
0
0
0
11
1
1
1
1
1
14
3
14
14
0
0
6
0
0
14
0
0
0
0
0
0
0
0
0
0
0
0
0
0
0
0
0
0
0
0
0
0
0
0
14
2
2
0
0
0
0
0
0
0
0
0
0
0
0
0
2
0
0
0
0
0
0
0
0
14
3
3
3
3
3
3
3
3
3
3
3
3
3
3
3
3
0
3
3
3
3
3
3
3
14
4
14
14
14
14
14
14
14
14
14
14
14
14
14
14
14
14
5
14
14
14
6
14
14
14
14
14
14
14
14
14
14
14
14
14
14
14
14
14
14
14
14
14
0
14
14
14
14
14
14
7
14
14
14
14
14
14
14
14
14
14
14
14
14
14
14
14
14
14
14
14
14
14
14
14
7
0
0
0
0
0
0
0
0
0
0
0
0
0
0
0
0
0
8
0
0
0
0
0
14
9
0
0
0
0
0
0
0
0
0
0
0
0
0
0
0
0
0
0
0
0
0
0
0
14
9
0
0
0
0
0
0
0
0
0
0
0
0
0
0
0
0
0
0
0
0
0
0
0
14
0
10
10
0
0
0
0
0
0
0
0
0
0
0
0
0
0
0
0
0
0
0
0
0
14
14
14
14
14
14
14
14
14
14
12
14
14
14
14
14
14
14
14
14
14
14
0
0
0
14
12
12
12
12
12
0
12
12
12
12
12
12
12
12
12
12
12
12
12
12
12
12
12
12
14
14
14
14
14
14
14
14
14
14
14
14
14
14
14
14
14
14
14
14
14
14
14
14
14
14