2
2
2
4
4
5
1
1
1
1
2
2
2
2
2
12
2
12
12
1
1
7
1
1
12
3
3
3
3
3
3
3
3
3
3
3
3
3
2
3
3
3
3
3
3
3
3
3
3
12
2
2
3
3
3
3
3
3
3
3
3
3
3
3
3
2
3
3
3
3
3
3
3
3
12
2
2
2
2
2
5
2
2
2
2
2
2
2
2
2
2
1
2
2
2
2
2
2
2
12
2
12
12
12
12
12
12
12
12
12
12
12
12
12
12
12
12
2
12
12
12
2
12
12
12
12
12
12
12
12
12
12
12
12
12
12
12
12
12
12
12
12
12
6
12
12
12
12
12
12
2
12
12
12
12
12
12
12
12
12
12
12
12
12
12
12
12
12
12
12
12
12
12
12
12
2
9
9
9
9
9
9
9
9
9
9
9
9
9
9
9
9
9
2
9
9
9
9
9
12
2
8
8
8
8
8
8
8
8
8
8
8
8
8
8
8
8
8
8
8
8
8
8
8
12
2
9
9
9
9
9
9
9
9
9
9
9
9
9
9
9
9
9
9
9
9
9
9
9
12
10
2
2
10
10
10
10
10
10
10
10
10
10
10
10
10
10
10
10
10
10
10
10
10
12
1
1
1
1
1
1
1
1
1
4
1
1
1
1
1
1
1
1
1
1
1
1
1
1
12
2
2
2
2
2
11
2
2
2
2
2
2
2
2
2
2
2
2
2
2
2
2
2
2
12
12
12
12
12
12
12
12
12
12
12
12
12
12
12
12
12
12
12
12
12
12
12
12
12
12